1.195756385523465415e+00
8.712478816028563777e-01
7.431578182525211407e-01
6.911359675709278783e-01
6.419744374410759624e-01
6.123551926425387926e-01
5.686894402869285825e-01
5.506108662774485962e-01
5.262081767883031169e-01
5.017989861869043278e-01
4.909959929965196368e-01
4.704953135862465774e-01
4.531497215071031981e-01
4.422806527826093625e-01
4.238204418591434153e-01
4.091697588502880012e-01
3.989107945573426295e-01
3.811200335621833801e-01
3.679503583679756828e-01
3.529735194939759291e-01
3.406027037229749643e-01
3.280995994085265655e-01
3.132989308346182944e-01
3.038770703058089051e-01
2.918163803856699823e-01
2.752302328064556991e-01
2.627184782477636760e-01
2.551307751827182058e-01
2.389296384287938058e-01
2.351672803201983186e-01
