Epoch No: 0
Finish epoch 0, time elapsed 728.6392824649811
Validation loss 0.7766363582611084, pixelacc 0.9936608795166016
0.7766363582611084 0.9936608795166016 [[0.7030189  0.04282554 0.36529016 0.19173742 0.05902496 0.00715515
  0.02166699 0.03185115 0.23231348 0.07788789 0.4816911  0.04241043
  0.22785251 0.15813163 0.56722538 0.74435452 0.94868335 0.81259331
  0.32445171]]
Epoch No: 1
Finish epoch 1, time elapsed 686.9604828357697
Validation loss 0.743454213142395, pixelacc 0.9955977157592774
0.743454213142395 0.9955977157592774 [[0.76725716 0.22155813 0.50186141 0.19173742 0.05902496 0.00715515
  0.02166699 0.03185115 0.49969879 0.08056563 0.56335217 0.04241043
  0.22785251 0.31639458 0.56722538 0.74435452 0.94868335 0.81259331
  0.32445171]]
Epoch No: 2
Finish epoch 2, time elapsed 674.6756830215454
Validation loss 0.7272335648536682, pixelacc 0.9962898620605467
0.7272335648536682 0.9962898620605467 [[0.82226326 0.34234738 0.55425897 0.19173742 0.05902496 0.00715515
  0.02166699 0.03185115 0.60668719 0.0887816  0.55454947 0.04287745
  0.22785251 0.35185174 0.56722538 0.74435452 0.94868335 0.81259331
  0.32445171]]
Epoch No: 3
Finish epoch 3, time elapsed 681.7457497119904
Validation loss 0.715971257686615, pixelacc 0.9964463053385416
0.715971257686615 0.9964463053385416 [[0.83282988 0.32966104 0.57048801 0.19173742 0.05902496 0.00715515
  0.02166699 0.03185115 0.63426702 0.09199584 0.58189608 0.06718589
  0.22785251 0.37769761 0.56722538 0.74435452 0.94868335 0.81259331
  0.32445171]]
Epoch No: 4
Finish epoch 4, time elapsed 655.4121830463409
Validation loss 0.718159526348114, pixelacc 0.9965938832600915
0.718159526348114 0.9965938832600915 [[0.83679074 0.34281814 0.56812551 0.17492598 0.05641693 0.0071779
  0.02166699 0.03185115 0.65288324 0.11044159 0.59456857 0.06229169
  0.22785251 0.40425696 0.56722538 0.74435452 0.94868335 0.81259331
  0.15226598]]
Epoch No: 5
Finish epoch 5, time elapsed 679.371856212616
Validation loss 0.7191690468788147, pixelacc 0.9965192479451496
0.7191690468788147 0.9965192479451496 [[0.82975883 0.33547952 0.55143536 0.19173742 0.0571843  0.00730945
  0.02166699 0.03154292 0.62931928 0.09438687 0.46635433 0.07383376
  0.22785251 0.40500216 0.56722538 0.74435452 0.94868335 0.81259331
  0.0912857 ]]
Epoch No: 6
Finish epoch 6, time elapsed 686.3823001384735
Validation loss 0.7105414786338806, pixelacc 0.9967262710571286
0.7105414786338806 0.9967262710571286 [[0.85582976 0.35832671 0.5878523  0.18273205 0.02273858 0.00722854
  0.02166699 0.02988302 0.64013212 0.08323927 0.59484597 0.07571034
  0.22785251 0.43148838 0.56722538 0.74435452 0.94868335 0.81259331
  0.12703102]]
Epoch No: 7
Finish epoch 7, time elapsed 670.3999879360199
Validation loss 0.7112470655441284, pixelacc 0.9967453445434571
0.7112470655441284 0.9967453445434571 [[0.85434949 0.34109152 0.58824787 0.1081573  0.04217338 0.00639162
  0.02166699 0.03526085 0.67228564 0.11669564 0.56313213 0.08612362
  0.22785251 0.45598301 0.56722538 0.74435452 0.94868335 0.81259331
  0.13622719]]
Epoch No: 8
Finish epoch 8, time elapsed 666.6448664665222
Validation loss 0.7118277988433838, pixelacc 0.996719111633301
0.7118277988433838 0.996719111633301 [[0.86163968 0.38075589 0.56473268 0.16424752 0.04061456 0.00723967
  0.02166699 0.03666208 0.64471677 0.10943136 0.60728441 0.06998259
  0.22785251 0.4371153  0.56722538 0.74435452 0.94868335 0.81259331
  0.22244112]]
Epoch No: 9
Finish epoch 9, time elapsed 665.3106367588043
Validation loss 0.7101957249641419, pixelacc 0.996719589742025
0.7101957249641419 0.996719589742025 [[0.86391263 0.38982358 0.59018962 0.08548392 0.04006047 0.00764006
  0.02166699 0.0645005  0.640013   0.0897023  0.61229262 0.07653815
  0.22785251 0.43821462 0.45846904 0.74435452 0.89645719 0.81259331
  0.15429315]]
Epoch No: 10
Finish epoch 10, time elapsed 644.4592170715332
Validation loss 0.707448401927948, pixelacc 0.9967979212443038
0.707448401927948 0.9967979212443038 [[0.87204078 0.41553949 0.58650684 0.08747819 0.02702516 0.00749954
  0.02166699 0.06662799 0.68755305 0.0816197  0.63004417 0.0884625
  0.22785251 0.4345688  0.5672353  0.74435452 0.94868335 0.81259331
  0.15518165]]
Epoch No: 11
Finish epoch 11, time elapsed 631.9232008457184
Validation loss 0.7110829434394836, pixelacc 0.9968063476562502
0.7110829434394836 0.9968063476562502 [[0.87146542 0.42273908 0.60349208 0.04859474 0.02852173 0.0130946
  0.02166699 0.0943229  0.68608043 0.08704646 0.61151556 0.10160449
  0.22785251 0.48293093 0.49218656 0.74435452 0.94868335 0.81259331
  0.16163101]]
Epoch No: 12
Finish epoch 12, time elapsed 626.9207541942596
Validation loss 0.7095999526977539, pixelacc 0.996624584452311
0.7095999526977539 0.996624584452311 [[0.8646855  0.40303145 0.601539   0.12497193 0.02886888 0.00983511
  0.02166694 0.08138479 0.68820992 0.11100941 0.62493857 0.09301133
  0.22785251 0.4420314  0.53093092 0.72714194 0.77548038 0.80269831
  0.23035285]]
Epoch No: 13
Finish epoch 13, time elapsed 622.478741645813
Validation loss 0.7074473419189453, pixelacc 0.9968085779825845
0.7074473419189453 0.9968085779825845 [[0.87147343 0.4100614  0.57829454 0.05117185 0.01657918 0.00827946
  0.02166699 0.07864499 0.58520235 0.07791529 0.62961532 0.03836238
  0.22784586 0.40763697 0.45594915 0.56123857 0.80330557 0.78458158
  0.19841292]]
Epoch No: 14
Finish epoch 14, time elapsed 622.3684976100922
Validation loss 0.7032306199073791, pixelacc 0.9967706395467121
0.7032306199073791 0.9967706395467121 [[0.8764811  0.44062142 0.60179872 0.09476944 0.02639052 0.01211303
  0.02166699 0.07675742 0.65610144 0.10839869 0.6157258  0.08734793
  0.22785892 0.48664866 0.53878855 0.56545544 0.74488895 0.71955385
  0.17979931]]
Epoch No: 15
Finish epoch 15, time elapsed 1055.6515638828278
Validation loss 0.705407096862793, pixelacc 0.996721023050944
0.705407096862793 0.996721023050944 [[0.87502591 0.41555955 0.60200869 0.09029832 0.02211853 0.01059071
  0.02166697 0.07992086 0.67799496 0.09331774 0.63224463 0.06531451
  0.22800855 0.48632426 0.54571485 0.5028989  0.31902208 0.64066165
  0.16080145]]
Epoch No: 16
Finish epoch 16, time elapsed 1212.7857627868652
Validation loss 0.7049705834388733, pixelacc 0.9964510533650719
0.7049705834388733 0.9964510533650719 [[0.8759477  0.4222029  0.61483615 0.09875191 0.02802807 0.01847467
  0.02166699 0.06386032 0.7029402  0.12117785 0.62508152 0.0952513
  0.22787452 0.48598894 0.38645329 0.43064608 0.86089665 0.78521333
  0.1294378 ]]
Epoch No: 17
Finish epoch 17, time elapsed 1478.704068183899
Validation loss 0.7063412709236145, pixelacc 0.9965059961954751
0.7063412709236145 0.9965059961954751 [[0.86228178 0.3879876  0.58468511 0.08748439 0.02167494 0.01461875
  0.02167327 0.09703932 0.68365309 0.09671283 0.62156423 0.08351203
  0.22785251 0.45328534 0.45137642 0.47208409 0.21882729 0.69973709
  0.21174631]]
Epoch No: 18
Finish epoch 18, time elapsed 718.5160455703735
Validation loss 0.702703309059143, pixelacc 0.9963346735636391
0.702703309059143 0.9963346735636391 [[0.87478122 0.41198634 0.61682362 0.0563708  0.02814543 0.02389633
  0.02166699 0.07577769 0.69920713 0.11945089 0.63873647 0.09896473
  0.22791515 0.47099592 0.22411624 0.19957091 0.56569974 0.76045618
  0.21525445]]
Epoch No: 19
Finish epoch 19, time elapsed 706.1111979484558
Validation loss 0.7061781263351441, pixelacc 0.9961619155883784
0.7061781263351441 0.9961619155883784 [[0.86629166 0.41138283 0.59646705 0.11925881 0.03161899 0.02012419
  0.02166695 0.08607127 0.68564869 0.08357208 0.634549   0.09948052
  0.2277866  0.45507088 0.13096396 0.14439639 0.27903576 0.56792945
  0.15642457]]
Epoch No: 20
Finish epoch 20, time elapsed 681.0298936367035
Validation loss 0.7030352330207825, pixelacc 0.9963822667439779
0.7030352330207825 0.9963822667439779 [[0.87637035 0.42860965 0.61156202 0.03922447 0.03026493 0.02511677
  0.02168153 0.07984308 0.68522331 0.10637406 0.63701989 0.09875327
  0.21532149 0.48174444 0.40197899 0.30216243 0.33907511 0.53860088
  0.14735378]]
Epoch No: 21
Finish epoch 21, time elapsed 668.8613042831421
Validation loss 0.7011961851119995, pixelacc 0.9965973632812495
0.7011961851119995 0.9965973632812495 [[0.87458049 0.42935921 0.61147888 0.097102   0.02512209 0.0227922
  0.02166662 0.07321825 0.69163806 0.11109497 0.62898615 0.09527232
  0.22601104 0.44986876 0.41026811 0.12314674 0.3282699  0.62750127
  0.14858497]]
Epoch No: 22
Finish epoch 22, time elapsed 674.2428803443909
Validation loss 0.7009423103332519, pixelacc 0.9965753173828125
0.7009423103332519 0.9965753173828125 [[0.87156239 0.42896501 0.60870946 0.06003798 0.02439628 0.03381356
  0.02165252 0.09356294 0.69115267 0.11293755 0.61092964 0.07788069
  0.22341801 0.48043821 0.28849651 0.29195102 0.73353161 0.70642157
  0.19974666]]
Epoch No: 23
Finish epoch 23, time elapsed 674.5458106994629
Validation loss 0.7037398219108582, pixelacc 0.9960747497558593
0.7037398219108582 0.9960747497558593 [[0.86583238 0.40740535 0.60037914 0.05104772 0.02908714 0.02363071
  0.02166697 0.1011028  0.67966631 0.11142668 0.62671732 0.08012812
  0.21748885 0.47624284 0.08972914 0.24765353 0.35104397 0.66046122
  0.16842128]]
Epoch No: 24
Finish epoch 24, time elapsed 662.4642374515533
Validation loss 0.7013750162124633, pixelacc 0.9962807586669917
0.7013750162124633 0.9962807586669917 [[0.87285388 0.42472395 0.61180275 0.04776892 0.02942513 0.03252679
  0.02166135 0.09011345 0.69562371 0.11616185 0.63619994 0.10367537
  0.2123899  0.4904346  0.1090945  0.25380808 0.3426213  0.52514918
  0.13369312]]
Epoch No: 25
Finish epoch 25, time elapsed 661.3387069702148
Validation loss 0.7010426216125488, pixelacc 0.9963357157389323
0.7010426216125488 0.9963357157389323 [[0.87320526 0.40104484 0.61163858 0.04365285 0.03108283 0.03442836
  0.02163195 0.07425821 0.70079937 0.11064086 0.64034055 0.10385894
  0.18506865 0.46111145 0.12741265 0.49783629 0.5905337  0.45083977
  0.14032226]]
Epoch No: 26
Finish epoch 26, time elapsed 652.4325160980225
Validation loss 0.7035159616470337, pixelacc 0.9959394124348959
0.7035159616470337 0.9959394124348959 [[0.86294645 0.40089879 0.60668152 0.1006826  0.02194263 0.03499543
  0.02147036 0.09839632 0.66896638 0.10477366 0.60801594 0.09336972
  0.22116204 0.45970642 0.1122959  0.14102035 0.28954318 0.50415057
  0.15568645]]
Epoch No: 27
Finish epoch 27, time elapsed 626.9036147594452
Validation loss 0.7004367604255676, pixelacc 0.9960675308227536
0.7004367604255676 0.9960675308227536 [[0.87339521 0.41641272 0.60559141 0.0299553  0.02404192 0.03739387
  0.01967413 0.08119776 0.68863855 0.10584845 0.62856856 0.10132619
  0.2279688  0.49170047 0.15851463 0.09930872 0.29507069 0.52649546
  0.15257243]]
Epoch No: 28
Finish epoch 28, time elapsed 641.2644617557526
Validation loss 0.7016075496673584, pixelacc 0.9959024464925134
0.7016075496673584 0.9959024464925134 [[0.86805933 0.40267936 0.60601957 0.05039683 0.02363377 0.04530593
  0.02171883 0.09912674 0.6905914  0.1090777  0.62686798 0.09876659
  0.14656827 0.47589293 0.15970449 0.23885044 0.59749486 0.66609677
  0.10933161]]
Epoch No: 29
Finish epoch 29, time elapsed 632.6111404895782
Validation loss 0.6992350339889526, pixelacc 0.9961405949910485
0.6992350339889526 0.9961405949910485 [[0.875554   0.42287627 0.61328714 0.04530598 0.02780725 0.04468279
  0.02081064 0.09051541 0.69681841 0.11385587 0.64293585 0.10300092
  0.20359752 0.48155829 0.11394495 0.36544217 0.54327206 0.41926437
  0.15530362]]
Epoch No: 30
Finish epoch 30, time elapsed 630.0769708156586
Validation loss 0.699882330417633, pixelacc 0.9961380650838223
0.699882330417633 0.9961380650838223 [[0.87512464 0.42048041 0.61250951 0.0595249  0.02273389 0.04735594
  0.02154851 0.07936993 0.69170438 0.1131867  0.63794435 0.10163469
  0.21081282 0.48385167 0.13668598 0.34266923 0.33936109 0.52607503
  0.11569311]]
Epoch No: 31
Finish epoch 31, time elapsed 621.3351485729218
Validation loss 0.6995491771697998, pixelacc 0.9959360707600906
0.6995491771697998 0.9959360707600906 [[0.8730184  0.41662293 0.61222266 0.04119278 0.02653697 0.04412044
  0.01430389 0.08908251 0.69197661 0.10976273 0.63271446 0.08609427
  0.13845211 0.48855769 0.22684987 0.17058935 0.37031951 0.70559228
  0.13616634]]
Epoch No: 32
Finish epoch 32, time elapsed 618.638947725296
Validation loss 0.7015318989753723, pixelacc 0.9954217478434245
0.7015318989753723 0.9954217478434245 [[0.86627982 0.39166059 0.60634878 0.03946433 0.02224686 0.03613599
  0.02149445 0.07775709 0.68810402 0.10560802 0.63583723 0.10110515
  0.15013319 0.47586239 0.10416574 0.05322711 0.20263484 0.41174201
  0.11371034]]
Epoch No: 33
Finish epoch 33, time elapsed 618.9384028911591
Validation loss 0.6984533529281616, pixelacc 0.9961378046671547
0.6984533529281616 0.9961378046671547 [[0.87237007 0.39995926 0.60716077 0.03826205 0.02514877 0.03762417
  0.01977616 0.07717179 0.6704119  0.10625693 0.61897085 0.06672281
  0.20141488 0.47156879 0.06019195 0.39204033 0.38648458 0.55554378
  0.12416114]]
Epoch No: 34
Finish epoch 34, time elapsed 617.4525654315948
Validation loss 0.7012029738426209, pixelacc 0.9958713439941409
0.7012029738426209 0.9958713439941409 [[0.86048552 0.40009672 0.59988529 0.03282639 0.02401212 0.0260645
  0.0166689  0.08152593 0.68428921 0.11145013 0.62526126 0.09815052
  0.10729148 0.45520965 0.04572941 0.04974952 0.21520888 0.53028915
  0.13777621]]
Epoch No: 35
Finish epoch 35, time elapsed 615.393304347992
Validation loss 0.698087679862976, pixelacc 0.9959461288452153
0.698087679862976 0.9959461288452153 [[0.87435387 0.41834855 0.61454175 0.05641619 0.0198812  0.04457661
  0.01963812 0.07632181 0.69681382 0.11377083 0.63204088 0.10312927
  0.13970459 0.48348684 0.08994933 0.11640293 0.34297458 0.40808953
  0.1313026 ]]
Epoch No: 36
Finish epoch 36, time elapsed 613.6492254734039
Validation loss 0.6968804841041565, pixelacc 0.995910545349121
0.6968804841041565 0.995910545349121 [[0.87579528 0.42033129 0.61199127 0.04470352 0.02483821 0.04231491
  0.01815954 0.09078421 0.69247707 0.1072276  0.63718507 0.09367427
  0.16652181 0.48515355 0.08295381 0.23923403 0.46567004 0.5482246
  0.15800847]]
Epoch No: 37
Finish epoch 37, time elapsed 616.5556621551514
Validation loss 0.6994252152442932, pixelacc 0.9959845072428385
0.6994252152442932 0.9959845072428385 [[0.87254522 0.41859596 0.60743139 0.0379971  0.02170922 0.05147599
  0.0176624  0.09909472 0.68905531 0.10390231 0.63339445 0.09468084
  0.11350698 0.47908921 0.11755391 0.30031793 0.24680525 0.48061565
  0.13343243]]
Epoch No: 38
Finish epoch 38, time elapsed 613.5004460811615
Validation loss 0.6972398161888123, pixelacc 0.9960236048380539
0.6972398161888123 0.9960236048380539 [[0.87234669 0.39941043 0.61335176 0.05106908 0.02065912 0.04903097
  0.01582021 0.08441841 0.69781786 0.107591   0.63828683 0.09568175
  0.12364464 0.48791802 0.11324554 0.18189637 0.35435816 0.45660172
  0.15570889]]
Epoch No: 39
Finish epoch 39, time elapsed 612.9839105606079
Validation loss 0.6976813087463379, pixelacc 0.9959714762369797
0.6976813087463379 0.9959714762369797 [[0.87703105 0.40380339 0.60934957 0.04138282 0.01916361 0.04961972
  0.01736338 0.08699016 0.69248478 0.10868297 0.63535161 0.09388937
  0.18084837 0.48513899 0.10173375 0.07944405 0.17717758 0.57187445
  0.12900925]]
Epoch No: 40
Finish epoch 40, time elapsed 614.8855431079865
Validation loss 0.6987976512908936, pixelacc 0.9956698348999022
0.6987976512908936 0.9956698348999022 [[0.8722597  0.4119738  0.61053221 0.0378185  0.0284463  0.05652739
  0.01505158 0.09266585 0.69159559 0.11109769 0.6412396  0.09632362
  0.13117477 0.48846302 0.19177707 0.17518909 0.25593844 0.38672119
  0.13137047]]
Epoch No: 41
Finish epoch 41, time elapsed 611.7432532310486
Validation loss 0.7073650436401367, pixelacc 0.9951166412353514
0.7073650436401367 0.9951166412353514 [[0.8517501  0.35212241 0.56400205 0.02162843 0.02887007 0.02781327
  0.01808555 0.06385342 0.63699479 0.09104645 0.62480073 0.08584044
  0.10027    0.44400143 0.1100976  0.26892295 0.4230151  0.51151124
  0.09456348]]
Epoch No: 42
Finish epoch 42, time elapsed 615.9544298648834
Validation loss 0.6978964824676513, pixelacc 0.9957628026326493
0.6978964824676513 0.9957628026326493 [[0.87403903 0.41020694 0.61088565 0.04686967 0.01895065 0.05246371
  0.01810114 0.08882199 0.69843275 0.11442706 0.6317922  0.10172063
  0.10302024 0.48771203 0.17735741 0.17283316 0.32673373 0.43180917
  0.13396049]]
Epoch No: 43
