Validation loss 0.28254386854171754, pixelacc 0.9961002410888672
[[0.84795204 0.37787595 0.61528881 0.14215115 0.09483532 0.0064445
  0.0055108  0.03651389 0.6162509  0.10853405 0.50331024 0.10103151
  0.01324535 0.56611529 0.02803679 0.07661649 0.08818654 0.39849178
  0.12394416]]
Finish epoch 1, time elapsed 576.6018195152283
epoch1, loss: 0.33169683814048767
Validation loss 0.28244604253768923, pixelacc 0.996182784016927
[[0.85161462 0.39836753 0.61334314 0.16808989 0.1042288  0.00587329
  0.00889265 0.04903681 0.62087612 0.11312674 0.50253234 0.12099879
  0.01471124 0.57440981 0.03950457 0.06344269 0.09657723 0.21896926
  0.1166506 ]]
Finish epoch 2, time elapsed 592.1256687641144
epoch2, loss: 0.6895602941513062
Validation loss 0.2828087282180786, pixelacc 0.9959508443196619
[[0.84755489 0.35774292 0.61683011 0.1446183  0.09441471 0.00714463
  0.00638801 0.03355045 0.61136313 0.10544552 0.50882027 0.12048082
  0.0162866  0.56115621 0.02768928 0.05642494 0.10030125 0.22464582
  0.11764844]]
Finish epoch 3, time elapsed 578.5711450576782
epoch3, loss: 0.38670989871025085
Validation loss 0.2826146340370178, pixelacc 0.9960575978597004
[[0.8476086  0.39082244 0.60909258 0.15597477 0.09741728 0.00554637
  0.00741079 0.03962356 0.60801236 0.10234571 0.5069841  0.10932982
  0.01819191 0.56432611 0.02484424 0.06017106 0.05933029 0.33903136
  0.12711723]]
Finish epoch 4, time elapsed 721.455662727356
epoch4, loss: 0.3600563406944275
Validation loss 0.2828170528411865, pixelacc 0.9960439778645835
[[0.84947542 0.39011967 0.60697848 0.1647979  0.09904677 0.00995734
  0.00752641 0.04690384 0.60894443 0.12451545 0.50382631 0.11036307
  0.01656234 0.56649142 0.02569193 0.06458281 0.09524476 0.24451404
  0.12941753]]
Finish epoch 5, time elapsed 783.1330599784851
epoch5, loss: 0.32620590925216675
Validation loss 0.2825088839530945, pixelacc 0.9959830596923827
[[0.84527821 0.3811712  0.60816076 0.16224405 0.08322457 0.00976899
  0.00762216 0.04829373 0.61484537 0.11153605 0.4922399  0.11111243
  0.01756601 0.56670858 0.02515871 0.05176271 0.09699857 0.23318982
  0.10734511]]
Finish epoch 6, time elapsed 747.4727244377136
epoch6, loss: 0.3511428236961365
Validation loss 0.28235720682144166, pixelacc 0.9962316833496095
[[0.84986073 0.38261556 0.61290395 0.14380267 0.10534775 0.00685598
  0.01098422 0.0330628  0.60997449 0.10838241 0.51308312 0.11158508
  0.01860842 0.57163983 0.02487841 0.07558395 0.07782548 0.28858376
  0.11491889]]
Finish epoch 7, time elapsed 758.835381269455
epoch7, loss: 0.5284599661827087
Validation loss 0.2826764879226685, pixelacc 0.9959299641927086
[[0.84979556 0.38839104 0.61115508 0.16756877 0.10253616 0.01152138
  0.00648888 0.04756874 0.60622952 0.10776996 0.50290281 0.09907247
  0.01989412 0.58206949 0.02218016 0.05740394 0.06274831 0.24006817
  0.10736634]]
Finish epoch 8, time elapsed 686.6323573589325
epoch8, loss: 0.3166637718677521
Validation loss 0.28272414016723635, pixelacc 0.9961115956624351
[[0.84973617 0.37777318 0.60194282 0.16051627 0.09533099 0.01532174
  0.00899994 0.05076405 0.60858836 0.11932196 0.47792639 0.11412082
  0.01750802 0.56862081 0.02268091 0.05940107 0.08009448 0.24055891
  0.10071007]]
Finish epoch 9, time elapsed 593.2648019790649
epoch9, loss: 0.34495291113853455
Validation loss 0.28300037479400636, pixelacc 0.9957271616617835
[[0.85054626 0.37896543 0.60480276 0.16048683 0.09531618 0.01294156
  0.00704672 0.05435306 0.60852023 0.11468992 0.4958409  0.1176334
  0.02414248 0.56528747 0.02265693 0.06083612 0.05261647 0.30846952
  0.11796375]]
Finish epoch 10, time elapsed 594.145765542984
epoch10, loss: 0.38937562704086304
Validation loss 0.28270051050186157, pixelacc 0.9958433441162114
[[0.84683141 0.38690358 0.61573886 0.17427717 0.09698971 0.01124005
  0.00589125 0.04317276 0.61619434 0.1216433  0.50511031 0.0985773
  0.02005138 0.58532961 0.02271817 0.06397961 0.06576367 0.23554434
  0.1217156 ]]
Finish epoch 11, time elapsed 474.9973814487457
epoch11, loss: 0.3130694329738617
Validation loss 0.282227126121521, pixelacc 0.9961106628417968
[[0.8442752  0.38126324 0.60777103 0.13839771 0.0901048  0.00992077
  0.00561812 0.03318169 0.61287831 0.10515744 0.50294638 0.10643639
  0.02509681 0.56545559 0.02258168 0.05675014 0.06596771 0.23472601
  0.11107286]]
Finish epoch 12, time elapsed 471.10530281066895
epoch12, loss: 0.3384425640106201
Validation loss 0.283049765586853, pixelacc 0.9958453867594399
[[0.84846442 0.38780818 0.60288473 0.14931142 0.08866314 0.01325902
  0.00844272 0.04313319 0.59971754 0.1055172  0.49461075 0.12370607
  0.02371836 0.56812642 0.02126808 0.06022659 0.06364358 0.2014535
  0.10695655]]
Finish epoch 13, time elapsed 527.2267014980316
epoch13, loss: 0.38638976216316223
Validation loss 0.2827100071907043, pixelacc 0.9958756896972659
[[0.84606022 0.37963519 0.60531147 0.14226341 0.09398217 0.01169672
  0.00885031 0.05122703 0.60187514 0.11840008 0.49378165 0.10553239
  0.01303238 0.57232584 0.02163292 0.05149857 0.0454958  0.20645654
  0.11380654]]
Finish epoch 14, time elapsed 573.5671689510345
epoch14, loss: 0.32301953434944153
Validation loss 0.28264989709854127, pixelacc 0.9959645721435547
[[0.8437227  0.38595735 0.60683407 0.13801534 0.09392891 0.01041206
  0.00913856 0.04764424 0.60920203 0.10718287 0.4781356  0.11360101
  0.02155873 0.55992852 0.02287095 0.04947031 0.06303243 0.17050846
  0.11599115]]
Finish epoch 15, time elapsed 517.4970424175262
epoch15, loss: 0.3159771263599396
Validation loss 0.28333219957351685, pixelacc 0.9957281219482421
[[0.84620631 0.36931619 0.6058658  0.13858577 0.09087936 0.01505244
  0.00726586 0.04353227 0.59662579 0.10614469 0.49033716 0.1112824
  0.02058613 0.56231067 0.02373499 0.05046913 0.03010019 0.13116002
  0.11166297]]
Finish epoch 16, time elapsed 536.332923412323
epoch16, loss: 0.35161370038986206
Validation loss 0.28287935638427736, pixelacc 0.9959063476562501
[[0.84549223 0.38384292 0.6070839  0.14485424 0.09328494 0.01443673
  0.00876474 0.04853776 0.6070271  0.11137177 0.50145595 0.11271667
  0.02236302 0.56693988 0.02176029 0.04978579 0.10000465 0.1977806
  0.11079613]]
Finish epoch 17, time elapsed 550.0222680568695
epoch17, loss: 0.3275103271007538
Validation loss 0.2828394122123718, pixelacc 0.9957591166178387
[[0.84806222 0.38545006 0.61021174 0.14621179 0.08515666 0.01196355
  0.00748114 0.03917753 0.61186855 0.10619303 0.49346678 0.11708443
  0.02121347 0.57870188 0.02119044 0.06006622 0.04908347 0.20819778
  0.11343272]]
Finish epoch 18, time elapsed 529.896895647049
epoch18, loss: 0.32249966263771057
Validation loss 0.2826013560295105, pixelacc 0.995934484863281
[[0.84667047 0.37549703 0.60735469 0.13895204 0.0904149  0.01543034
  0.01104    0.03919289 0.59893816 0.11017558 0.49702803 0.11153954
  0.02377318 0.56351853 0.02324317 0.04569601 0.06155634 0.11331133
  0.10799745]]
Finish epoch 19, time elapsed 577.2663905620575
epoch19, loss: 0.36156123876571655
Validation loss 0.2827503523826599, pixelacc 0.995826328531901
[[0.84461471 0.36801068 0.60353986 0.14585691 0.09005215 0.01651867
  0.00846377 0.04196175 0.5998429  0.12163886 0.47955337 0.10780963
  0.01345148 0.57744154 0.02417975 0.05464777 0.07041947 0.19321697
  0.10284633]]
Finish epoch 20, time elapsed 597.9980368614197
epoch20, loss: 0.3517859876155853
Validation loss 0.28213565921783446, pixelacc 0.9960210815429689
[[0.84697028 0.38095217 0.60916124 0.15123639 0.09487782 0.01118865
  0.00743171 0.03720974 0.61434184 0.11721094 0.48932654 0.1052105
  0.01684463 0.56389608 0.02847549 0.05920119 0.06529987 0.13994335
  0.1077704 ]]
Finish epoch 21, time elapsed 1019.9544563293457
epoch21, loss: 0.27359873056411743
Validation loss 0.28234080171585085, pixelacc 0.9958863382975263
[[0.84685704 0.37524768 0.60919841 0.15531112 0.09020365 0.01268587
  0.00763386 0.03418427 0.61024172 0.11778457 0.50376656 0.10740585
  0.01664087 0.56732033 0.0216745  0.04671009 0.06312668 0.15655736
  0.11127799]]
Finish epoch 22, time elapsed 844.2596526145935
epoch22, loss: 0.3884197473526001
Validation loss 0.2827192702293396, pixelacc 0.9958044118245444
[[0.84304097 0.37345928 0.60401224 0.15218739 0.09115946 0.01483773
  0.00739057 0.04040264 0.60172947 0.12275059 0.48982195 0.11433748
  0.02185674 0.55794543 0.02340805 0.04726003 0.05570895 0.1366688
  0.11096153]]
Finish epoch 23, time elapsed 620.6012651920319
epoch23, loss: 0.2968677580356598
Validation loss 0.2822414908409119, pixelacc 0.9960138519287111
[[0.84837243 0.38481499 0.6040087  0.18029838 0.10032886 0.01462635
  0.00824438 0.0373381  0.60617956 0.10713615 0.50664165 0.1002526
  0.02104347 0.56980504 0.023404   0.04445713 0.06317631 0.11542391
  0.12046453]]
Finish epoch 24, time elapsed 1255.5747141838074
epoch24, loss: 0.27376824617385864
Validation loss 0.2824969592094421, pixelacc 0.9959217915852867
[[0.84609003 0.37839061 0.60490749 0.1488755  0.08872412 0.01455589
  0.00841605 0.03731254 0.60654181 0.10669203 0.50503523 0.10377561
  0.01887146 0.55456331 0.02132474 0.0531705  0.04677512 0.22454176
  0.11745518]]
Finish epoch 25, time elapsed 1458.7528994083405
epoch25, loss: 0.292529821395874
Validation loss 0.28248626565933227, pixelacc 0.996003726196289
[[0.84923412 0.38663194 0.60812298 0.15519165 0.09053692 0.01689468
  0.01142265 0.04306714 0.60119606 0.11162502 0.48871061 0.10655646
  0.02100073 0.56356244 0.02228617 0.06820242 0.09591539 0.22182481
  0.12718426]]
Finish epoch 26, time elapsed 1398.197675704956
epoch26, loss: 0.2733621299266815
Validation loss 0.28235847997665403, pixelacc 0.995956802368164
[[0.84916611 0.388436   0.59733568 0.14137839 0.0930993  0.01546328
  0.01064699 0.03603    0.59869857 0.1051634  0.50231788 0.10191595
  0.02024191 0.57025866 0.02098264 0.05348642 0.04706984 0.22641445
  0.10073024]]
Finish epoch 27, time elapsed 1104.3151698112488
epoch27, loss: 0.33588534593582153
Validation loss 0.28277343225479123, pixelacc 0.9958713806152343
[[0.84345988 0.37610767 0.60389853 0.13887503 0.08927699 0.01079303
  0.01033622 0.0392817  0.59561444 0.11365349 0.48757932 0.10836878
  0.01985357 0.55662346 0.02550199 0.04322318 0.0611508  0.22391159
  0.11042977]]
Finish epoch 28, time elapsed 1392.8796889781952
epoch28, loss: 0.3981091380119324
Validation loss 0.28301037311553956, pixelacc 0.9958255889892578
[[0.84593703 0.37468699 0.59841843 0.15110186 0.09237332 0.01595007
  0.00850105 0.0471326  0.6011523  0.11238116 0.50009627 0.10807055
  0.02047236 0.56660988 0.02140318 0.04950808 0.05587472 0.16466118
  0.11806105]]
Finish epoch 29, time elapsed 1237.7070441246033
epoch29, loss: 0.3187626898288727
Validation loss 0.28242413854598997, pixelacc 0.9959112182617187
[[0.84784643 0.37515407 0.60712652 0.13651493 0.08145318 0.0168464
  0.00672375 0.03933408 0.6038465  0.09773016 0.49077973 0.10772994
  0.01581877 0.56163472 0.02458497 0.05784653 0.0723955  0.12568068
  0.10172575]]
Finish epoch 30, time elapsed 1078.1823828220367
epoch30, loss: 0.3615114092826843
Validation loss 0.28261097049713135, pixelacc 0.9957936655680338
[[0.85085461 0.36619984 0.60774974 0.14766024 0.09020317 0.01822897
  0.00997612 0.04499437 0.61059507 0.12336267 0.49510637 0.11245918
  0.02057477 0.56632765 0.02827398 0.04582407 0.04393634 0.23115544
  0.11345018]]
Finish epoch 31, time elapsed 982.6680192947388
epoch31, loss: 0.33145251870155334
Validation loss 0.28251243162155154, pixelacc 0.9958801106770838
[[0.84629712 0.38368433 0.60071659 0.13842103 0.09056889 0.01398572
  0.01009042 0.04137858 0.59693463 0.12097537 0.48463432 0.10429622
  0.01674981 0.56209473 0.02416565 0.06198837 0.07091147 0.14556844
  0.11296263]]
Finish epoch 32, time elapsed 1058.8147304058075
epoch32, loss: 0.3518896698951721
Validation loss 0.2825478620529175, pixelacc 0.9958965881347654
[[0.8429693  0.36530584 0.60045708 0.15506604 0.09843256 0.02065514
  0.00911237 0.03708707 0.60880745 0.10958716 0.49449245 0.11186764
  0.01784654 0.56378817 0.02021733 0.06213392 0.03250079 0.13249681
  0.11324943]]
Finish epoch 33, time elapsed 795.0330681800842
epoch33, loss: 0.3453744053840637
Validation loss 0.2826784749031067, pixelacc 0.9957636657714842
[[0.84623737 0.37465026 0.60149823 0.16103517 0.0901022  0.02006017
  0.01125266 0.04356901 0.60553341 0.11017151 0.49685827 0.1080282
  0.01938871 0.56652955 0.02011229 0.05025952 0.0541362  0.18407592
  0.10506931]]
Finish epoch 34, time elapsed 912.2393698692322
epoch34, loss: 0.31918981671333313
Validation loss 0.28323419141769407, pixelacc 0.9956844879150389
[[0.84515719 0.37520951 0.60341603 0.14149178 0.09045335 0.01765378
  0.00969258 0.05188973 0.60077405 0.10466061 0.49929993 0.11144042
  0.01757522 0.56577794 0.02037441 0.051444   0.02750488 0.12721546
  0.11516101]]
Finish epoch 35, time elapsed 734.2149748802185
epoch35, loss: 0.3775840699672699
Validation loss 0.28231166791915896, pixelacc 0.9958756774902342
[[0.84853844 0.37973506 0.5973381  0.14189907 0.08976697 0.01851652
  0.00707578 0.04766096 0.59937765 0.10552044 0.49886024 0.0986169
  0.02148997 0.55961411 0.01936445 0.05682984 0.05458429 0.17808456
  0.11009611]]
Finish epoch 36, time elapsed 835.9040043354034
epoch36, loss: 0.33606091141700745
Validation loss 0.28278136205673216, pixelacc 0.9958223968505863
[[0.84624444 0.37532068 0.6021303  0.15894006 0.09363297 0.02006486
  0.00871911 0.04472971 0.60341011 0.10645977 0.50089203 0.11624978
  0.01852983 0.56806044 0.02546959 0.04570634 0.07029714 0.13618926
  0.11247756]]
Finish epoch 37, time elapsed 868.9124231338501
epoch37, loss: 0.376008540391922
Validation loss 0.2826106963157654, pixelacc 0.995870320638021
[[0.84644096 0.38260433 0.59888549 0.15793664 0.09439654 0.02090198
  0.00929617 0.04826091 0.6001874  0.11221192 0.48730218 0.10988209
  0.02126982 0.5660634  0.02325375 0.06048909 0.07046153 0.20595383
  0.10737566]]
Finish epoch 38, time elapsed 899.8856840133667
epoch38, loss: 0.3277735412120819
Validation loss 0.28251276636123657, pixelacc 0.9958806009928385
[[0.84817171 0.38185827 0.60661834 0.12966923 0.09937442 0.01774992
  0.007647   0.03922508 0.59881148 0.10362376 0.49496999 0.10489308
  0.01882723 0.55828627 0.02143468 0.06511542 0.0795988  0.17790366
  0.11008201]]
Finish epoch 39, time elapsed 1033.2087228298187
epoch39, loss: 0.2619906961917877
Validation loss 0.2822099170684814, pixelacc 0.9960043884277341
[[0.84507023 0.38051218 0.60634531 0.15689639 0.09285343 0.01636225
  0.00832706 0.03588455 0.60158504 0.12315777 0.48670751 0.11718569
  0.02020095 0.56677905 0.02813477 0.05416946 0.05867359 0.0919889
  0.11435938]]
Finish epoch 40, time elapsed 1226.9499452114105
epoch40, loss: 0.2695683538913727
Validation loss 0.28236741018295286, pixelacc 0.9958979034423827
[[0.84597462 0.38130155 0.60652954 0.14290091 0.09237169 0.0164241
  0.00697366 0.03480845 0.60365032 0.11278457 0.49976451 0.11049412
  0.02196871 0.55556367 0.02016694 0.04728077 0.05293938 0.15308069
  0.10501451]]
Finish epoch 41, time elapsed 846.0110425949097
epoch41, loss: 0.3368526101112366
Validation loss 0.2822616715431213, pixelacc 0.9960241872151692
[[0.84633218 0.37140601 0.59765833 0.14480554 0.09005866 0.01872334
  0.00982345 0.04657284 0.60310089 0.10380099 0.49490311 0.104357
  0.01894658 0.55431587 0.02423675 0.04605637 0.05948789 0.17703713
  0.09919021]]
Finish epoch 42, time elapsed 849.6987247467041
epoch42, loss: 0.26128822565078735
Validation loss 0.2824114875793457, pixelacc 0.9958895070393884
[[0.84682376 0.38659291 0.60039859 0.14936476 0.0950213  0.01384606
  0.00773998 0.04102971 0.60376217 0.11339903 0.48675333 0.10877831
  0.01911997 0.55855061 0.01949926 0.0554542  0.04564943 0.24326003
  0.10736794]]
Finish epoch 43, time elapsed 845.6510918140411
epoch43, loss: 0.253119558095932
Validation loss 0.28273997116088867, pixelacc 0.9955763987223307
[[0.84576627 0.3679402  0.60814162 0.14430587 0.09064057 0.01553827
  0.00742317 0.04780264 0.58870448 0.11012778 0.4960733  0.09684138
  0.01952354 0.56336921 0.02419142 0.05297959 0.04737886 0.14740427
  0.10607309]]
Finish epoch 44, time elapsed 833.9465899467468
epoch44, loss: 0.3192293643951416
Validation loss 0.2824612336158752, pixelacc 0.9959130849202472
[[0.84661524 0.3765367  0.59427382 0.14165611 0.08959172 0.01902548
  0.00918648 0.04143602 0.60153527 0.10711064 0.49927656 0.09357224
  0.01972522 0.56204125 0.01956873 0.05459881 0.05695361 0.15814453
  0.09699602]]
Finish epoch 45, time elapsed 798.9771869182587
epoch45, loss: 0.37310680747032166
Validation loss 0.28266521644592285, pixelacc 0.9957899983723958
[[0.84821969 0.36542117 0.60155801 0.14253398 0.0902438  0.01849572
  0.01056315 0.04923293 0.60453513 0.11718502 0.48860597 0.10036558
  0.02056341 0.57540463 0.02026154 0.0439265  0.05460988 0.10149475
  0.10282168]]
Finish epoch 46, time elapsed 789.8465776443481
epoch46, loss: 0.2831253111362457
Validation loss 0.2828140444755554, pixelacc 0.9956711201985681
[[0.84641588 0.38110537 0.59238124 0.14309131 0.08376692 0.01912618
  0.00845301 0.04132289 0.59555608 0.11717137 0.49163953 0.10946265
  0.01965982 0.55950275 0.02547696 0.04820122 0.06908659 0.10858209
  0.10633164]]
Finish epoch 47, time elapsed 819.3200011253357
epoch47, loss: 0.39283472299575806
Validation loss 0.2827199149131775, pixelacc 0.9957031717936198
[[0.84435207 0.37763373 0.59788473 0.13463462 0.08563875 0.01865267
  0.0078717  0.04242102 0.60199778 0.11382933 0.48152384 0.09915519
  0.02324975 0.56522622 0.0201625  0.05884823 0.05205101 0.15530483
  0.11137873]]
Validation loss 0.28210242557525633, pixelacc 0.9959020050048828
[[0.84478341 0.37301411 0.60484821 0.15566859 0.09684922 0.01973842
  0.00695167 0.03980334 0.60264584 0.10777197 0.48361975 0.10296219
  0.02102945 0.55402952 0.02029617 0.05177818 0.06004923 0.14173034
  0.1091036 ]]
Finish epoch 49, time elapsed 739.634129524231
epoch49, loss: 0.3591999411582947
Validation loss 0.28269601106643677, pixelacc 0.995761423746745
[[0.84360374 0.38555334 0.59825673 0.14436177 0.08929884 0.01991316
  0.00863329 0.03955653 0.61043823 0.11241346 0.49759964 0.098429
  0.02035609 0.56146492 0.02513783 0.05911853 0.07993939 0.14328185
  0.10150797]]
Finish epoch 50, time elapsed 624.5525658130646
epoch50, loss: 0.272463858127594
Validation loss 0.28274854135513305, pixelacc 0.9956675008138022
[[0.84420508 0.37987617 0.60258494 0.14042898 0.08946544 0.01280904
  0.00725603 0.0354675  0.59465374 0.1168043  0.47872875 0.11789963
  0.02289718 0.56240173 0.02156791 0.04941495 0.03815649 0.14007168
  0.10920262]]
Finish epoch 51, time elapsed 629.4866390228271
epoch51, loss: 0.3534265160560608
Validation loss 0.28245468950271607, pixelacc 0.9957880544026695
[[0.84479813 0.37054698 0.6024929  0.14598903 0.09213786 0.01875808
  0.00572305 0.03852126 0.5911283  0.11074452 0.50090956 0.10599222
  0.0191888  0.55982271 0.02180348 0.06776343 0.04192255 0.13183713
  0.10641756]]
Finish epoch 52, time elapsed 621.1916105747223
epoch52, loss: 0.26803356409072876
Validation loss 0.2826151638031006, pixelacc 0.9958435414632162
[[0.84289625 0.37875298 0.59751627 0.14052146 0.09257694 0.0178821
  0.00833433 0.04953451 0.59569246 0.10351989 0.49604335 0.10447543
  0.01927251 0.55753674 0.02223304 0.05758049 0.08003309 0.16794195
  0.09622478]]
Finish epoch 53, time elapsed 606.9576187133789
epoch53, loss: 0.24764759838581085
Validation loss 0.28277254915237426, pixelacc 0.9957557454427084
[[0.84737675 0.37814725 0.60136224 0.13105354 0.09279195 0.01735154
  0.00887509 0.04211413 0.59772167 0.10944973 0.50329874 0.11424581
  0.02012886 0.55415592 0.02510841 0.04574462 0.04673782 0.07886451
  0.10659496]]
Finish epoch 54, time elapsed 584.5356056690216
epoch54, loss: 0.3595053553581238
Validation loss 0.2824915037155151, pixelacc 0.9955778228759766
[[0.84295203 0.37259675 0.60005644 0.14751231 0.08836466 0.02076518
  0.00583006 0.04430366 0.60184496 0.10651347 0.49185443 0.10990442
  0.01979726 0.56798059 0.02525193 0.05327944 0.02786191 0.17114523
  0.1133439 ]]
Finish epoch 55, time elapsed 591.4282088279724
epoch55, loss: 0.3179137706756592
Validation loss 0.28227148389816287, pixelacc 0.9959888936360677
[[0.84923165 0.37713201 0.60003089 0.15135108 0.09583876 0.01810152
  0.00920451 0.04422423 0.59569628 0.11277905 0.49034762 0.09956559
  0.02092905 0.55928128 0.02593769 0.04614558 0.04869541 0.09436976
  0.1038006 ]]
Finish epoch 56, time elapsed 579.3558878898621
epoch56, loss: 0.3052239716053009
Validation loss 0.28227905654907226, pixelacc 0.9959051696777343
[[0.8431849  0.37136305 0.60281141 0.15488138 0.09740563 0.01731319
  0.00674862 0.03703368 0.59502646 0.11588691 0.50088286 0.10851943
  0.01684291 0.56872957 0.02681493 0.05649217 0.05719449 0.15356603
  0.11109102]]
Finish epoch 57, time elapsed 604.245908498764
epoch57, loss: 0.287945032119751
Validation loss 0.2824623770713806, pixelacc 0.9958680460611978
[[0.84360394 0.37694871 0.59734313 0.15924353 0.09498654 0.02064034
  0.00949431 0.04227859 0.59931749 0.10668063 0.49894624 0.09895153
  0.01948731 0.56881363 0.02464744 0.06190665 0.07828531 0.15175414
  0.11642496]]
Finish epoch 58, time elapsed 618.3980917930603
epoch58, loss: 0.2952883243560791
Validation loss 0.28250698137283325, pixelacc 0.9957945271809898
[[0.84695183 0.38153259 0.59771704 0.14957343 0.09274024 0.01980068
  0.0077438  0.03858518 0.60127024 0.1204847  0.49104831 0.102571
  0.02055944 0.56081137 0.01911249 0.04828014 0.04114234 0.10484223
  0.11499475]]
Finish epoch 59, time elapsed 592.8476824760437
epoch59, loss: 0.32333433628082275
Validation loss 0.28279256534576414, pixelacc 0.9957670705159509
[[0.84535172 0.37123557 0.59240739 0.14052819 0.08799175 0.0197668
  0.00962817 0.04170673 0.60049815 0.10856612 0.50047853 0.11144594
  0.01851179 0.54832106 0.02512948 0.04442909 0.05968883 0.14809036
  0.10181052]]
Finish epoch 60, time elapsed 581.4833786487579
epoch60, loss: 0.36812859773635864
Validation loss 0.2825734338760376, pixelacc 0.995798629760742
[[0.84287283 0.37726836 0.60130162 0.15412951 0.09498073 0.02237382
  0.00661679 0.05058326 0.59503171 0.09947365 0.50348442 0.10469136
  0.02041639 0.55827424 0.02165347 0.05159553 0.06590773 0.10049608
  0.10819812]]
Finish epoch 61, time elapsed 556.1353254318237
epoch61, loss: 0.28208059072494507
Validation loss 0.2824323019981384, pixelacc 0.9958772176106772
[[0.84567498 0.37834065 0.59934072 0.14235906 0.08812115 0.01763148
  0.00668123 0.04005062 0.59583525 0.10856753 0.49277078 0.10748926
  0.01676953 0.56424611 0.02354032 0.04630298 0.06319365 0.14816609
  0.10197244]]
Finish epoch 62, time elapsed 584.8861238956451
epoch62, loss: 0.3252061903476715
Validation loss 0.282531400680542, pixelacc 0.9957416605631509
[[0.84189987 0.37381843 0.60198065 0.13976356 0.08461041 0.01830392
  0.0059461  0.03874242 0.59679698 0.09954716 0.49034348 0.10539121
  0.01777468 0.56408393 0.01921153 0.05559845 0.05364979 0.14898569
  0.10285735]]
Finish epoch 63, time elapsed 587.8607671260834
epoch63, loss: 0.25581449270248413
Validation loss 0.2822920513153076, pixelacc 0.9958466695149737
[[0.84674359 0.37837105 0.59874248 0.15678022 0.0899209  0.01688593
  0.0079562  0.04151282 0.59951876 0.11908632 0.49445879 0.09837979
  0.02018044 0.56061004 0.01988202 0.06023745 0.05852923 0.15250888
  0.10889825]]
Finish epoch 64, time elapsed 582.6059441566467
epoch64, loss: 0.21035556495189667
Validation loss 0.2827348289489746, pixelacc 0.9958050303141275
[[0.84372325 0.37207465 0.59325123 0.13844884 0.08848714 0.02164539
  0.00795029 0.04249386 0.59989601 0.1144302  0.48290801 0.10802024
  0.01926326 0.55229878 0.02578957 0.06308819 0.06084393 0.11856316
  0.10615101]]
Finish epoch 65, time elapsed 584.8673973083496
epoch65, loss: 0.3311834931373596
Validation loss 0.282559522151947, pixelacc 0.995870396931966
[[0.8446415  0.36965801 0.59509634 0.14051319 0.0894995  0.019507
  0.00768984 0.04390758 0.6035809  0.10990422 0.49885676 0.10621382
  0.02050852 0.55934025 0.02160862 0.05164197 0.07362565 0.19543595
  0.10745074]]
Finish epoch 66, time elapsed 593.1670255661011
epoch66, loss: 0.29482394456863403
Validation loss 0.2825176177024841, pixelacc 0.9957382110595699
[[0.84649403 0.37706465 0.59866149 0.15233914 0.09613817 0.01792639
  0.00836245 0.03953878 0.59994905 0.09975425 0.49287579 0.10017812
  0.01886778 0.56474292 0.02955592 0.06488113 0.06726807 0.11244621
  0.10548542]]
Finish epoch 67, time elapsed 593.263955116272
epoch67, loss: 0.3377203345298767
Validation loss 0.28257290267944335, pixelacc 0.9959411783854172
[[0.84401086 0.3820545  0.60047562 0.13416467 0.08955409 0.0185626
  0.00903121 0.03996645 0.59789642 0.11247815 0.48006793 0.10104647
  0.02031454 0.55202036 0.01919303 0.05116137 0.03927498 0.09269946
  0.11632253]]
Finish epoch 68, time elapsed 598.532904624939
epoch68, loss: 0.25418785214424133
Validation loss 0.2828200254440308, pixelacc 0.9956230865478514
[[0.84641089 0.37771796 0.59465021 0.15230986 0.08873815 0.01811435
  0.0082809  0.04702397 0.60253934 0.10755536 0.48849178 0.10442679
  0.01913796 0.56317937 0.02319487 0.05544594 0.046394   0.07206468
  0.10882283]]
Finish epoch 69, time elapsed 579.539303779602
epoch69, loss: 0.2682848870754242
Validation loss 0.28225825929641724, pixelacc 0.9959222249348962
[[0.84562841 0.37903665 0.60026033 0.1583493  0.08961763 0.01686518
  0.0086641  0.04082346 0.59563762 0.10342846 0.50348513 0.10531516
  0.02200317 0.55776975 0.02144053 0.06731955 0.04424309 0.1259842
  0.1062013 ]]
Finish epoch 70, time elapsed 602.10600233078
epoch70, loss: 0.34965646266937256
Validation loss 0.28246551561355593, pixelacc 0.9957378794352215
[[0.84136051 0.3661691  0.60337148 0.1494401  0.09766986 0.02118295
  0.00759925 0.04070344 0.60042706 0.10856445 0.49988253 0.10407916
  0.01960606 0.55555183 0.02036704 0.04807043 0.04025717 0.12424322
  0.11419505]]
Finish epoch 71, time elapsed 636.5818800926208
epoch71, loss: 0.29226255416870117
Validation loss 0.28241328144073485, pixelacc 0.9958355428059897
[[0.84600379 0.37776462 0.59637841 0.13220339 0.08999036 0.01541414
  0.00814159 0.04401397 0.59453937 0.11471098 0.49474765 0.1062062
  0.01895306 0.56353351 0.02241249 0.05479291 0.06119456 0.16388541
  0.10981622]]
Finish epoch 72, time elapsed 604.1630351543427
epoch72, loss: 0.22662456333637238
Validation loss 0.28240478229522703, pixelacc 0.9957972676595052
[[0.84737217 0.37473986 0.60397095 0.14259244 0.08484708 0.01736964
  0.00706611 0.03919168 0.59798681 0.10935121 0.48478172 0.10424365
  0.02110886 0.54947741 0.02974783 0.04015961 0.02685555 0.19008273
  0.10407819]]
Finish epoch 73, time elapsed 618.2565824985504
epoch73, loss: 0.3716703951358795
Validation loss 0.282400580406189, pixelacc 0.9959100301106771
[[0.8469951  0.37352594 0.59912439 0.147535   0.09207977 0.01997494
  0.00710132 0.03254548 0.59609232 0.11398035 0.48294546 0.10610688
  0.01933499 0.55496956 0.0278883  0.0415709  0.06149768 0.15115371
  0.11217614]]
Finish epoch 74, time elapsed 620.4651868343353
epoch74, loss: 0.2561335265636444
Validation loss 0.2826847987174988, pixelacc 0.9957808268229167
[[0.84565884 0.37311455 0.60001351 0.14020304 0.08944431 0.02206946
  0.00580679 0.03733596 0.60088325 0.10896707 0.48243925 0.10956611
  0.01774407 0.55551651 0.02212332 0.05270734 0.05814454 0.13691084
  0.11290063]]
Finish epoch 75, time elapsed 626.3548016548157
epoch75, loss: 0.2989589273929596
Validation loss 0.28271951723098754, pixelacc 0.9957550638834634
[[0.84224771 0.38036196 0.59838412 0.15611092 0.09121163 0.02127461
  0.00930782 0.03987329 0.58753407 0.11290939 0.49464966 0.10072295
  0.01926034 0.56668529 0.0205156  0.04715269 0.05492114 0.1079853
  0.10604615]]
Finish epoch 76, time elapsed 608.5199816226959
epoch76, loss: 0.25417545437812805
Validation loss 0.2825527243614197, pixelacc 0.9957992085774737
[[0.84524613 0.36981105 0.60075987 0.15339367 0.09124029 0.01702712
  0.00865144 0.03650354 0.59291483 0.1135842  0.4858212  0.10400736
  0.01664781 0.55280921 0.02123246 0.05296681 0.04985374 0.117661
  0.09997296]]
Finish epoch 77, time elapsed 610.8352074623108
epoch77, loss: 0.24913637340068817
Validation loss 0.2827193465232849, pixelacc 0.9955660135904948
[[0.84109688 0.37400526 0.59327712 0.1644639  0.09237421 0.01901996
  0.00822215 0.04080135 0.59520404 0.11480772 0.4779309  0.10483071
  0.01646911 0.5574308  0.02394261 0.04776468 0.06328845 0.13559296
  0.10936339]]
Finish epoch 78, time elapsed 579.044593334198
epoch78, loss: 0.22288401424884796
Validation loss 0.2822806043624878, pixelacc 0.99591677347819
[[0.84620003 0.38678245 0.59804024 0.15378932 0.09708621 0.01720757
  0.00858613 0.03944948 0.59058949 0.09711391 0.47791065 0.1019945
  0.01743785 0.56010065 0.02059076 0.05088184 0.03837977 0.13298422
  0.09929201]]
Finish epoch 79, time elapsed 620.8326585292816
epoch79, loss: 0.2751910090446472
Validation loss 0.28247498416900635, pixelacc 0.9958437276204428
[[0.84258731 0.37204491 0.59885953 0.15842331 0.09868944 0.02011524
  0.00619746 0.04058454 0.60298865 0.09622835 0.47877816 0.1055066
  0.01909928 0.55567199 0.02292407 0.06143544 0.06539517 0.08090462
  0.1064475 ]]
Finish epoch 80, time elapsed 645.5633568763733
epoch80, loss: 0.31833070516586304
Validation loss 0.2826473937034607, pixelacc 0.9956711059570312
[[0.84664509 0.37462199 0.59625516 0.15919035 0.0854554  0.01962487
  0.00964337 0.03614548 0.59795591 0.11303861 0.48716868 0.0962554
  0.02170217 0.55554226 0.02565708 0.04713135 0.02687978 0.08369794
  0.10135151]]
Finish epoch 81, time elapsed 600.4746661186218
epoch81, loss: 0.26585641503334045
Validation loss 0.2824718132019043, pixelacc 0.9958972422281902
[[0.84394806 0.37545134 0.60237139 0.14783407 0.08732675 0.01868812
  0.00818142 0.04086311 0.59737663 0.10961763 0.4919239  0.10468252
  0.0169388  0.54591115 0.02016726 0.05840131 0.06000328 0.1442436
  0.1011983 ]]
Finish epoch 82, time elapsed 609.778080701828
epoch82, loss: 0.4111555516719818
Validation loss 0.28221504831314087, pixelacc 0.9959309763590497
[[0.8469895  0.37659302 0.59648119 0.13929287 0.09178692 0.01712281
  0.00688198 0.03919713 0.59365596 0.10729004 0.49695626 0.09854371
  0.01807298 0.55731814 0.02353322 0.04991965 0.06032898 0.14883363
  0.10397657]]
Finish epoch 83, time elapsed 639.7335813045502
epoch83, loss: 0.33007365465164185
Validation loss 0.2825448865890503, pixelacc 0.9957554606119794
[[0.84377538 0.37115684 0.59581295 0.14948311 0.09396971 0.01599625
  0.00735286 0.04221988 0.59584937 0.11180593 0.49421574 0.10179296
  0.02495143 0.55728368 0.01877715 0.04140707 0.04631594 0.11197686
  0.10748979]]
Finish epoch 84, time elapsed 659.7519581317902
epoch84, loss: 0.2983604371547699
Validation loss 0.28231239748001097, pixelacc 0.9958090891520183
[[0.8440109  0.37266622 0.59653176 0.15115416 0.09174294 0.01786785
  0.00717721 0.04201382 0.59509179 0.11234267 0.4908688  0.09156344
  0.02549399 0.56449359 0.0318523  0.07312886 0.05136587 0.18898052
  0.1073039 ]]
Finish epoch 85, time elapsed 665.3373258113861
epoch85, loss: 0.2973463237285614
Validation loss 0.2823302278518677, pixelacc 0.9958775553385419
[[0.84308308 0.37390474 0.59495956 0.16387712 0.09278214 0.02025513
  0.00817404 0.04007168 0.59638068 0.10476652 0.48867299 0.10075089
  0.01991911 0.56913359 0.02162267 0.04960813 0.07071122 0.11787141
  0.10388226]]
Finish epoch 86, time elapsed 617.5176548957825
epoch86, loss: 0.21583358943462372
Validation loss 0.28278950214385984, pixelacc 0.9956252716064455
[[0.8417267  0.37134759 0.60760084 0.15341777 0.09407284 0.02199998
  0.00918576 0.04207689 0.60468244 0.10586831 0.49428922 0.09615088
  0.01675655 0.54816635 0.01911199 0.04862357 0.04924401 0.12711098
  0.10638985]]